-17.945642 -86.436842
56.091180 -41.347872
-9.651846 -38.119448
5.132068 24.069094
53.805149 36.205376
93.494515 19.598648
61.035480 40.560618
-91.847258 78.589547
-9.738497 -74.081047
65.182354 -57.882945
-63.335001 -9.885808
33.008105 88.918387
64.799984 1.615457
25.276578 65.130743
-10.238728 50.989268
26.617684 -26.769678
-94.366708 8.161863
-35.350574 -69.013877
9.504595 -60.753641
-19.638001 -50.536573
-90.074297 13.325101
82.185477 -62.391687
39.478299 42.770487
-91.161155 16.101240
38.428525 79.675514
90.726090 65.265821
87.697994 1.229683
-59.389515 -83.661060
82.774678 -21.126132
-17.851610 -63.976058
-71.472105 1.940225
-30.959338 -8.374849
-87.751971 -47.316980
81.860604 -80.024040
21.970482 48.858362
-6.173654 25.941274
-13.859387 89.062901
73.844173 -74.221679
-82.143835 76.815334
-94.851232 47.772397
-71.204410 -68.476827
-8.610018 62.951939
-19.110218 30.817470
-22.634725 84.031384
-69.710581 71.253288
-1.327918 -71.330084
73.154708 -75.288057
4.714722 -42.011452
-61.965634 32.406246
3.818890 -40.901421
40.973446 90.550344
-96.378783 -54.860642
-7.530155 82.834992
-18.636573 78.629685
79.799523 -8.456515
48.183664 -49.116434
50.986265 59.796278
91.441372 56.324206
23.479842 -87.614270
19.244132 -46.944693
-22.956310 18.464039
-47.711828 -97.117055
-57.229834 -24.046061
-0.066598 -12.202753
-14.830264 -40.512519
34.175056 17.377017
68.540905 -96.062039
-233.826859 -135.000000
-44.204558 6.824237
-74.517788 60.893652
81.527225 95.698245
-50.201917 45.449900
-87.342718 -41.379924
61.802916 -8.131717
-16.725554 -45.339272
-69.611525 40.311722
-16.631551 -6.306491
-21.048590 -36.020138
-31.933148 -83.106481
37.033201 -73.270454
20.596137 69.845645
-94.678236 31.384095
-55.897162 26.288205
-46.816061 -85.851307
-40.545620 92.935836
-33.746699 -73.855082
0.507934 4.881167
76.391479 54.078335
-77.659694 -52.566211
5.255018 49.383284
58.953148 76.644133
-71.511917 57.276512
46.228418 -46.324947
46.549077 51.968523
34.373613 80.211108
-10.572013 -32.220520
44.917225 -80.170908
40.303970 -18.184468
14.942106 -49.709301
-47.370815 -38.478784
-95.325775 -53.682270
-20.445103 -81.429563
-91.247217 59.618182
-29.514021 -96.641098
74.588760 -30.297961
-17.336590 94.543249
-37.164431 62.885472
12.768933 13.482719
-55.924247 -18.781669
36.794024 22.840771
79.435371 -90.921701
-57.809748 -10.648446
96.201537 -95.368989
-90.920724 28.906843
67.923938 34.050647
-8.022850 -62.644470
-5.944091 -46.011786
63.460857 42.276575
43.830529 -7.640726
46.038628 50.723971
-64.349268 -22.373958
17.218425 30.305041
8.507917 -9.452211
5.667459 -73.347875
-35.512986 63.017948
-57.942159 0.547705
-25.501840 67.889013
-81.621059 -93.377589
64.551521 16.579545
66.749214 38.479093
25.913776 18.454397
-65.435297 -11.374795
-52.913380 27.134118
89.811555 5.070476
-41.023259 89.715785
22.357081 27.096654
19.724469 -4.224688
11.380474 -43.147143
-96.131386 -19.104081
-35.092692 -24.764955
-3.073209 -90.818107
6.726315 35.651356
25.320996 -69.772155
-31.137742 -80.640465
-48.069925 -74.432074
-0.949932 -57.439756
-1.508332 -11.115309
-36.649921 11.962039
2.607130 -10.782653
-86.215056 -59.053594
29.102434 52.891312
-17.126500 -86.419895
-64.878772 93.146823
-63.094691 22.804808
93.534877 -11.129334
-95.932888 22.225625
-0.954237 -20.025819
-62.343217 62.894746
-77.430109 -24.253965
29.081368 95.985225
-19.492064 -36.334475
67.067157 21.940861
68.079395 37.833015
-64.587521 -32.012844
66.598756 -77.607567
37.044956 -2.846920
51.482020 -67.735723
-20.431733 -18.348884
-95.885877 37.292496
-34.776122 66.804001
-47.504580 52.220295
-71.325019 54.084202
-36.535856 25.326829
-7.817617 -44.441788
22.262354 -38.468188
-96.590497 -55.086681
-93.586049 95.443380
-74.981104 -0.116571
-35.624640 77.991794
6.032215 56.884763
-77.679842 -60.785618
55.751981 -0.554625
-70.371044 35.228567
-48.320331 3.593178
11.643497 8.164823
-45.579496 -83.918992
9.408720 79.510371
15.616578 75.481977
-75.534886 0.604610
56.755036 7.173997
76.288138 54.887874
-7.904085 37.168040
-95.311985 -29.181599
-78.156226 23.949572
-32.650750 -83.142454
-74.196207 62.366081
25.288178 78.579286
23.847723 -64.319842
87.871351 -87.887528
-75.121323 34.387389
-54.154762 -34.181691
-73.637581 16.393028
35.558321 -66.877957
46.714795 -0.547239
16.633417 -85.335185
22.779530 30.456680
69.767244 13.474868
0.000000 270.000000
13.130749 67.441574
-92.133597 61.738723
89.678080 -57.046742
13.614969 88.350286
-51.039738 -5.128936
-82.364839 -45.870546
34.171972 -83.810486
59.577158 39.943153
49.886961 -93.689785
-79.893149 15.456857
5.305631 91.404640
-2.735302 88.861380
-72.304256 -24.701062
74.112676 71.500473
91.598983 72.812452
-77.242002 42.144244
-45.238206 -50.295226
-13.019654 59.415400
-90.722194 -46.522519
-43.913588 -25.874123
35.159882 37.294165
-92.244474 17.467592
-89.088102 -52.713281
82.676155 38.550664
-6.795007 -2.244962
25.404246 61.485426
-51.640929 52.945552
10.815971 -6.023283
-50.264174 -91.961136
-60.836885 -96.406327
-48.687000 31.673349
59.386198 92.695251
86.923014 79.976882
-20.375946 -30.137354
28.925017 67.250297
-27.061362 90.055485
-7.181176 41.245120
27.712257 -83.460639
-93.851403 -54.869708
-14.906573 -50.489407
62.643266 6.919133
54.101348 -27.760121
93.556699 86.852604
50.727397 71.126425
51.929993 -85.838167
62.479402 5.771071
-64.876867 52.684134
13.951994 88.186820
30.391955 -10.716094
-40.270329 28.475341
-43.124726 52.630880
-71.144303 -64.730420
-38.621872 85.727523
-27.511335 73.248925
22.519321 10.050061
-61.865089 -12.706121
-95.903231 -95.498585
-65.441324 -79.684246
65.185277 -4.268952
42.731828 -81.300546
69.780702 12.328322
76.006285 37.822609
67.101558 93.107953
-18.201297 65.149645
-20.180345 -79.187164
27.639361 42.054180
-11.215647 -68.943553
-39.816641 1.632091
-2.027975 39.333723
-78.879018 47.798441
-14.056633 -59.415481
52.825904 -2.268543
70.485641 -37.824471
-35.950021 -6.300500
-81.321746 -37.338561
-34.194498 -84.175723
95.469796 13.106136
-5.422272 23.845854
78.555775 95.443404
70.980092 -75.317175
37.757281 -24.807660
-11.729953 95.128825
-37.922880 70.617131
60.470665 36.383769
-83.675135 55.426542
-47.621048 72.147735
79.538047 -53.546423
-41.984649 -65.298331
-86.912075 78.461465
-74.665187 1.425099
62.601329 -44.220001
78.359899 77.383642
60.595202 26.136533
72.970066 -22.707630
-62.554067 -60.586390
54.769020 74.530218
85.002446 -91.890093
68.425993 -51.183957
-34.267461 83.581531
-15.587972 72.053531
-10.271653 50.802573
-79.098679 45.369392
33.376276 81.265789
-34.283478 -79.909858
87.502514 -13.898114
89.195567 -36.924909
58.898645 18.215902
-78.645539 89.541155
-85.514866 90.405177
-59.917887 7.943698
43.301008 -76.340212
-26.154080 41.841298
21.267854 80.483275
-29.231744 -11.211219
9.001281 21.877836
74.977308 20.345113
34.320125 72.164422
6.469275 73.788353
18.291331 30.496981
-58.517431 30.961836
72.397431 -12.466485
-81.056618 -37.365447
96.987220 78.486056
10.306480 6.468663
-13.864115 -61.989264
49.452231 -87.297798
-8.488971 56.406310
58.003634 51.130839
45.730779 -11.186436
68.350236 68.005134
83.170323 73.162683
68.810426 10.712396
-31.397951 26.436205
-56.918985 -12.942105
31.324298 87.048328
93.821562 -77.801889
-8.151040 -52.087072
30.561127 22.929015
-9.414612 -6.320403
15.220566 -40.484408
82.758642 -68.279980
-6.891695 13.181353
-61.378203 -46.635404
-1.667198 31.979449
47.383776 -29.297259
30.634153 -15.113504
7.720818 13.667752
-31.515772 30.452787
-5.460407 -18.836570
41.106762 62.338681
50.393573 -55.081004
40.332650 -29.577219
65.786153 25.168633
42.234968 -55.872350
-58.511227 -20.222778
25.812614 -18.255592
-80.669932 -90.452184
21.598315 89.791375
82.017405 -15.739699
-39.624686 -52.777905
-63.606097 42.375538
-7.459687 48.933935
-82.640414 -40.073423
79.956140 -60.340723
-76.698550 -4.778263
-29.679417 0.020163
39.733271 -61.633767
-60.618548 -67.745794
2.761860 -29.058347
-45.955282 -0.934391
39.738360 -69.250213
42.500631 47.681363
45.944532 9.230525
1.387932 49.104129
-81.609611 89.826699
33.709778 -42.808874
-13.205074 56.611743
-3.866892 -29.883746
89.105714 -72.844272
43.613580 -91.066632
75.954714 46.048636
64.297789 16.633034
-26.581643 -44.286582
-2.581591 31.984553
28.008652 -59.917909
10.411078 83.829896
-79.204965 -92.028933
9.316413 -45.046270
-14.417146 25.870520
97.157833 -81.804749
-24.895924 -95.797555
-1.384059 42.048133
8.025901 2.318798
5.891750 -14.901837
64.900500 -54.445165
-69.315398 31.011556
-50.905057 38.545539
63.476067 43.222941
-30.328005 67.886340
84.691354 -27.586114
-22.188715 78.180370
19.738392 63.742920
52.137142 -42.655602
49.649703 -73.803094
-78.867513 -82.473898
37.697179 92.567235
41.036327 -23.081632
-18.811261 -23.559740
-51.415406 -66.843024
21.103823 83.057291
0.250765 10.626315
12.646367 60.243800
-91.737961 75.711752
-32.371037 88.123252
30.527476 -78.610873
3.963397 -2.233167
-51.513015 -8.575991
24.651980 -72.551798
-84.495479 -30.909291
23.079564 85.624912
-50.755212 69.586809
-11.402617 -14.834282
-67.497937 -47.521329
85.730447 50.119162
-25.612928 48.230602
-48.718809 27.052232
55.850384 -47.765552
-42.133075 0.118628
38.149070 78.446695
71.229414 93.765078
76.397099 -4.733629
70.395923 76.157480
39.386947 55.844818
25.382020 -89.977839
68.227312 34.013438
41.783661 -66.942076
18.062346 48.856055
37.083002 28.490708
-81.576212 -9.875610
86.982373 -29.043629
-30.932021 -24.927722
-0.175656 37.628220
59.520629 58.424030
-40.978996 -88.958023
-6.573479 58.623018
-23.545569 95.126759
14.144046 -78.884623
-90.757613 -17.250338
-88.117415 49.553372
30.805088 79.955907
94.538295 23.228785
13.670945 92.595483
93.788068 -55.985115
67.369807 66.949569
63.382292 -55.477495
20.621579 -47.799987
-2.780409 76.258595
11.073498 -47.240532
-60.852104 -58.621704
-78.827836 87.849042
61.170799 -60.172899
96.224499 54.557573
5.233570 -44.154612
-69.644522 -65.510289
-34.310238 -33.268011
91.702438 26.594983
-81.356356 -88.960733
72.708737 37.838903
-18.414873 76.622108
-26.991461 45.823580
32.723672 -75.523409
82.552056 45.482148
53.829249 79.797118
45.516780 36.035679
233.826859 -135.000000
79.588172 92.810245
-65.204110 49.946344
8.706114 48.575740
11.572221 -54.475587
-90.913748 -86.752740
11.393053 -96.246211
9.501389 71.372521
-14.386029 -83.375607
54.788875 -45.029082
29.195550 79.667040
-85.906680 6.222420
67.388767 -4.455162
-92.064981 -91.189461
-72.388071 -24.217347
-23.694639 -79.337195
-73.185335 -74.032168
-15.985328 -86.168910
-18.702810 -85.703315
-45.257890 -57.357510
64.315695 96.293158
35.907373 14.441188
2.676529 95.449989
-20.592736 18.379637
86.643296 -52.613669
-24.220213 -87.349043
-33.236809 -93.337207
71.288736 79.613059
-70.377552 60.422495
75.629265 68.167642
-20.249609 87.573032
11.243671 -92.780818
-79.112889 -83.348745
57.493298 66.962119
-68.063832 32.889830
-23.274377 -21.314323
23.326553 -0.664808
-95.791999 -32.280206
-1.103119 27.235826
-38.978837 57.062554
-88.131330 -26.490910
-56.242212 -17.840308
-31.770602 46.033906
2.341643 -2.111637
-2.306778 -62.944370
43.748215 67.648444
-85.703474 -17.245841
85.774139 -73.455633
-89.540310 90.188957
-6.638151 -23.825309
-7.588346 0.523549
-13.112593 26.900236
-8.736306 -31.157215
25.978102 35.211200
-38.524521 -24.427084
46.349441 61.583999
54.478148 13.750499
-86.150090 14.242326
13.063608 62.240385
93.654960 -77.795140
25.547469 48.926226
-26.443098 -52.416311
-35.245273 67.140821
-14.337956 38.288154
-50.548307 27.746392
12.150967 -67.669740
60.893656 -86.493041
83.867370 11.460996
46.934420 -81.958452
53.226905 42.903927
-87.082462 46.741282
66.481376 -9.390900
63.843442 -66.907569
-3.227453 -89.686956
10.489250 74.310529
74.226163 72.408637
-18.942306 18.070128
73.447575 45.478343
33.144488 14.239919
-36.194418 -59.906021
24.625534 5.847158
97.192341 92.966916
-77.602426 53.416173
-56.817757 -97.006936
75.949714 -89.415364
-31.753626 -43.213464
51.997523 -88.961562
-27.259947 -33.398911
34.638453 23.947350
81.996774 -90.682523
-19.583762 63.066679
36.577100 -49.259184
24.305689 31.828175
65.414076 86.928985
30.860513 46.972761
37.217457 71.663068
50.830755 -27.874206
96.399513 -92.702970
34.257319 -87.020929
-12.584197 88.124850
56.142500 -18.125644
62.439100 -76.119888
-38.306308 88.734624
67.986437 83.405444
60.274320 -36.014607
-41.428156 78.247703
-3.782470 34.737973
-26.318633 -85.070991
71.883803 -23.630117
51.892635 -0.671240
-43.503358 62.749578
-85.911241 -29.360091
-11.825189 -3.054907
-24.300741 78.016543
10.177951 90.951409
-50.720985 -38.003376
27.810143 -78.054886
-86.482345 78.568060
56.579001 21.040467
-76.423960 87.974058
15.409919 12.882535
-67.323851 -64.983106
69.216813 63.973277
-10.287802 -23.145646
-50.405303 -55.007401
-35.146639 92.923472
-6.350350 14.654487
-70.676418 31.227671
54.006380 45.579045
12.393957 10.801885
18.878764 -89.671092
36.773593 74.358448
-54.321216 3.153851
-86.784432 -54.412212
-35.506714 -47.412388
-58.043439 -47.057917
-54.164657 79.021089
22.175490 33.973869
-66.457652 19.201241
38.800721 24.258461
93.837976 96.362770
-87.937451 48.488246
-14.678704 69.478778
-38.722990 66.056634
-39.346347 11.397017
-65.024904 62.346479
-4.877144 -77.257935
-29.988006 33.600255
67.043130 -45.865217
14.017342 -94.338188
54.547046 -52.264199
-76.228237 22.620636
69.907575 77.677394
-95.525817 -22.034952
80.938042 -47.520146
-47.624197 71.840746
29.215830 34.131948
-81.073570 77.867339
-5.113466 -81.897141
51.570035 38.831963
40.383076 -78.853104
-66.937617 -5.004946
-35.700970 -42.980418
5.795986 96.577723
-5.005914 67.106233
-41.108704 36.316755
-6.537869 76.949523
33.409768 -77.564125
-75.616955 76.962691
92.551774 88.067393
83.994083 95.582343
-12.780046 23.128174
79.789297 2.274413
-36.543212 -50.012150
22.509517 60.456539
-44.513852 -73.376392
-53.451958 23.632103
87.159965 -24.339821
-29.035083 -58.415944
92.619115 5.360001
43.534245 71.505728
3.598966 47.928020
-30.412413 68.404690
-45.007408 -63.328621
11.428689 61.460978
35.436416 -95.962545
41.530365 -68.733025
66.808937 -41.888035
58.827227 -21.909612
7.765724 -21.805960
-25.680027 -1.239990
-52.235698 -50.153087
-41.859446 -82.547059
67.822485 41.786487
37.179104 -69.186680
36.152331 65.593765
8.406990 96.979576
1.987710 -25.598639
21.984425 -60.928995
-51.155257 75.648518
50.902290 -66.344334
